(5, 2) is a generator
(5, 21) is a generator
(8, 11) is a generator
(8, 12) is a generator
(9, 8) is not a generator; it has order 7
(9, 15) is not a generator; it has order 7
(11, 7) is not a generator; it has order 7
(11, 16) is not a generator; it has order 7
(15, 10) is a generator
(15, 13) is a generator
(16, 8) is not a generator; it has order 3
(16, 15) is not a generator; it has order 3
(17, 3) is a generator
(17, 20) is a generator
(19, 2) is not a generator; it has order 7
(19, 21) is not a generator; it has order 7
(21, 8) is a generator
(21, 15) is a generator
(22, 2) is a generator
(22, 21) is a generator
(0, 0) is not a generator; it has order 2
Generator list: [(5, 2), (5, 21), (8, 11), (8, 12), (15, 10), (15, 13), (17, 3), (17, 20), (21, 8), (21, 15), (22, 2), (22, 21)]
Each element generates E(F_23) in the following order:
(5, 2) generates the elliptic curve in the order [(5, 2), (17, 20), (9, 15), (21, 15), (15, 10), (11, 7), (16, 8), (8, 11), (19, 2), (22, 21), (22, 2), (19, 21), (8, 12), (16, 15), (11, 16), (15, 13), (21, 8), (9, 8), (17, 3), (5, 21), (0, 0)]
(5, 21) generates the elliptic curve in the order [(5, 21), (17, 3), (9, 8), (21, 8), (15, 13), (11, 16), (16, 15), (8, 12), (19, 21), (22, 2), (22, 21), (19, 2), (8, 11), (16, 8), (11, 7), (15, 10), (21, 15), (9, 15), (17, 20), (5, 2), (0, 0)]
(8, 11) generates the elliptic curve in the order [(8, 11), (15, 13), (9, 15), (22, 2), (17, 3), (11, 7), (16, 15), (5, 2), (19, 2), (21, 8), (21, 15), (19, 21), (5, 21), (16, 8), (11, 16), (17, 20), (22, 21), (9, 8), (15, 10), (8, 12), (0, 0)]
(8, 12) generates the elliptic curve in the order [(8, 12), (15, 10), (9, 8), (22, 21), (17, 20), (11, 16), (16, 8), (5, 21), (19, 21), (21, 15), (21, 8), (19, 2), (5, 2), (16, 15), (11, 7), (17, 3), (22, 2), (9, 15), (15, 13), (8, 11), (0, 0)]
(15, 10) generates the elliptic curve in the order [(15, 10), (22, 21), (11, 16), (5, 21), (21, 15), (19, 2), (16, 15), (17, 3), (9, 15), (8, 11), (8, 12), (9, 8), (17, 20), (16, 8), (19, 21), (21, 8), (5, 2), (11, 7), (22, 2), (15, 13), (0, 0)]
(15, 13) generates the elliptic curve in the order [(15, 13), (22, 2), (11, 7), (5, 2), (21, 8), (19, 21), (16, 8), (17, 20), (9, 8), (8, 12), (8, 11), (9, 15), (17, 3), (16, 15), (19, 2), (21, 15), (5, 21), (11, 16), (22, 21), (15, 10), (0, 0)]
(17, 3) generates the elliptic curve in the order [(17, 3), (21, 8), (11, 16), (8, 12), (22, 2), (19, 2), (16, 8), (15, 10), (9, 15), (5, 2), (5, 21), (9, 8), (15, 13), (16, 15), (19, 21), (22, 21), (8, 11), (11, 7), (21, 15), (17, 20), (0, 0)]
(17, 20) generates the elliptic curve in the order [(17, 20), (21, 15), (11, 7), (8, 11), (22, 21), (19, 21), (16, 15), (15, 13), (9, 8), (5, 21), (5, 2), (9, 15), (15, 10), (16, 8), (19, 2), (22, 2), (8, 12), (11, 16), (21, 8), (17, 3), (0, 0)]
(21, 8) generates the elliptic curve in the order [(21, 8), (8, 12), (19, 2), (15, 10), (5, 2), (9, 8), (16, 15), (22, 21), (11, 7), (17, 20), (17, 3), (11, 16), (22, 2), (16, 8), (9, 15), (5, 21), (15, 13), (19, 21), (8, 11), (21, 15), (0, 0)]
(21, 15) generates the elliptic curve in the order [(21, 15), (8, 11), (19, 21), (15, 13), (5, 21), (9, 15), (16, 8), (22, 2), (11, 16), (17, 3), (17, 20), (11, 7), (22, 21), (16, 15), (9, 8), (5, 2), (15, 10), (19, 2), (8, 12), (21, 8), (0, 0)]
(22, 2) generates the elliptic curve in the order [(22, 2), (5, 2), (19, 21), (17, 20), (8, 12), (9, 15), (16, 15), (21, 15), (11, 16), (15, 10), (15, 13), (11, 7), (21, 8), (16, 8), (9, 8), (8, 11), (17, 3), (19, 2), (5, 21), (22, 21), (0, 0)]
(22, 21) generates the elliptic curve in the order [(22, 21), (5, 21), (19, 2), (17, 3), (8, 11), (9, 8), (16, 8), (21, 8), (11, 7), (15, 13), (15, 10), (11, 16), (21, 15), (16, 15), (9, 15), (8, 12), (17, 20), (19, 21), (5, 2), (22, 2), (0, 0)]
